9,10,10,10,11,12,12,13,14,15,16,17,18
1,1,1,2,2,3,3,4,4
10,11,12,12,12,12,12,13,14,14
9,10,11,12,13,14,14,15,15,15,15,16,16
7,8,9,10,11,12,13,14,15,16
5,6,7,7,8,8,9
12,13,13,14,14,15,16,17,17,18,18,19
2,2,2,2,2
1,2,3,4
10,11,11,12,13,14,15,16
10,11,12,12,12,13,14,14,14,14,15
12,13,13,13,13,14,15,16,17,17,18,19,19
7,8,9,10,11,12,13
13,13,14,14,15,16,16,17,17,18,19,19,20,21
13,14,15,16,17,18,19,19,20,20
9,10,10,11,11,12,13,13,14
2,3,4,5,5
14,15,15,15,16,17,17,17,18
12,13,14,14,15,15,16,17,18,19,20
6,7,7,8,9,10,11,12,13